0.8121951219512196
0.7536585365853659
0.8634146341463416
0.724390243902439
0.6439024390243901
0.7317073170731707
0.8853658536585367
0.4463414634146341
0.7170731707317073
0.8853658536585367
0.5926829268292684
0.7390243902439024
0.6658536585365853
0.7317073170731707
0.40975609756097564
0.775609756097561
0.775609756097561
0.578048780487805
0.4609756097560975
0.724390243902439
0.8707317073170733
0.5414634146341464
0.8560975609756099
0.5195121951219512
0.6658536585365853
0.7024390243902439
0.9000000000000001
0.5926829268292684
0.4463414634146341
0.4463414634146341
0.37317073170731707
0.5926829268292684
0.6292682926829269
0.3
0.5560975609756098
0.4463414634146341
0.4463414634146341
0.8
0.9
0.3
0.9
0.7
0.6
0.5
0.5
0.8
0.4
0.6
0.7
0.5
0.6
0.6
0.8
0.6
0.7
0.7
0.6
0.9
0.6
0.6
0.4
0.6
0.9
0.7
0.9
0.7
0.5
0.6
0.6
0.7
0.6
0.9
0.7
0.8
0.5
0.3
0.2
0.8
0.7
0.2
0.6
0.7
0.7
0.6
0.6
0.6
0.2
0.6
0.5
0.5
0.6
0.8
0.5
0.3
0.9
0.4
0.4
0.7
0.3
0.4
0.3
0.6
0.7
0.6
0.4
0.9
0.9
0.35
0.35
0.3
0.2
0.85
0.5
0.6
0.6
0.8
0.9
0.7
1.0
0.2
0.8
0.8
0.3
0.95
0.4
0.75
0.4
0.8
0.8
0.5
0.8
0.75
0.2
0.1
0.7
0.6
0.7
0.4
0.8
0.5
0.8
0.6
0.6
0.65
0.5
0.9
0.6
0.45
0.6
0.8
0.75
0.5
0.6
0.5
0.4
0.4
0.6
0.4
0.3
0.7
0.5
0.3
0.4
0.5
0.8
0.72
0.35
0.85
0.65
0.74
0.63
0.51
0.43
0.61
0.473
0.52
0.84
0.87
0.73
0.22
0.77
0.53
0.66
0.43
0.32
0.75
0.9
0.98
0.55
0.83
0.62
0.89
0.73
0.22
0.13
0.85
0.79
0.53
0.43
0.65
0.67
0.23
0.57
0.84
0.33
0.76
0.44
0.66
0.35
0.76